598414a2e82ce,2,8640152773,1,8672271621,12
5984151b33bf3,2,8722286085,1,8672271621,12
598415eac91e5,2,8722304773,12,8672271621,123
5984176a09d3c,2,8672070661,2,8676583045,3
598417b280c8d,2,8672070661,2,8722407173,3
5984c48c9516e,2,8656449477,5,8640152773,10
5984d03646566,2,8672070661,5,8640153925,10
5984d16cdf3da,2,8640159173,4,8656449477,5
5984d29c91721,3,8672070661,11,8676583045,12,8640153925,123
5984d43b59ad2,3,8656449477,1,8640152773,1,8672271621,12
5984d63eef37f,3,8672070661,1,8676583045,1,8640153925,18
5984d72dbcfc6,3,8656449477,4,8640152773,7,8672271621,7
5984d7810483d,3,8672070661,1,8676583045,2,8640153925,3
5984d8d71165b,4,8676583045,4,8640153925,5,8676588869,6,8640159173,7
